30140 30345
32604 32700
34872 35097
37506 37676
39886 40399
40851 41018
41377 41403
41639 41893
42274 42819
43488 43723
44134 44210
44742 45289
45936 46045
46540 46669
47184 47793
48416 48514
48968 49158
49507 50189
50815 50946
51369 51502
51955 52600
53221 53282
53781 53911
54332 54940
55561 55750
56238 56267
56797 57436
58076 58210
58679 58813
59252 59949
60523 60615
61128 61256
61631 62254
62914 62988
63542 63670
64094 64683
65343 65435
65901 65978
66436 67073
67637 67823
68276 68404
68923 69580
70132 70241
70822 71991
72614 72734
73145 73398
73788 73978
74361 74530
75002 75047
75633 75709
76220 76328
76845 77027
77417 77666
77997 78208
78649 78742
79206 79332
79847 79976
80484 80672
81091 81281
81753 81814
82361 82437
82951 83080
83539 83634
84113 84296
84675 84769
85099 85300
85835 86000
86661 86790
87212 87321
87766 88065
88413 88625
88950 89193
89643 89737
90180 90257
90773 90868
91432 91525
92059 92167
92525 92731
93097 93286
93746 93808
94941 95093
96201 96352
97434 97563
98659 98778
99828 99888
100964 101097
102242 102395
103442 103591
104701 104834
105871 105945
106996 107186
108348 108423
109532 109611
110644 110794
111837 111965
113156 113304
114430 114598
115582 115675
116789 117058
117530 118043
118104 118274
118442 118489
118698 118744
118938 119001
119123 119203
119384 119481
120076 120228
120848 121014
121779 121824
123077 123174
124226 124361
125488 125546
126596 126727
127942 128041
129124 129184
130389 130433
131494 131712
132730 132843
133995 134171
135149 135373
136422 136498
137650 137777
138780 138868
140098 140159
141278 141427
142442 142500
143517 143686
144845 144997
145941 146149
147293 147357
148493 148523
149668 149877
150854 151022
152203 152232
153281 153394
154591 154686
155716 155904
164326 164369
164555 164656
164781 164915
165161 165262
165437 165557
-1 -1
-1 -1
