3438 3466
3547 3752
3892 4404
4465 4530
4666 4698
5489 5501
5911 5977
6098 6232
6354 6804
6919 6898
6977 7006
7276 7325
7918 7998
8310 8414
8516 8590
8806 9233
9326 9429
9545 9588
9836 9865
10350 10451
10761 10811
10929 11007
11280 11648
11837 11902
11931 12025
12248 12311
12588 12617
12936 12978
13192 13256
13321 13333
13650 14057
14239 14286
14408 14526
14667 14715
14958 15095
15573 15652
15682 15850
16004 16452
16629 16695
16810 16859
16948 17071
17380 17394
17590 17709
18001 18139
18224 18321
18537 18946
19020 19085
19419 19451
19569 19618
19885 19964
20173 20287
20377 20554
20636 20681
20905 21350
21556 21604
21663 21728
21864 21929
22231 22295
22355 22419
22623 22687
22867 22933
22976 23146
23360 23733
23934 23983
24026 24071
24280 24344
24565 24734
24874 24995
25281 25329
25357 25437
25648 25952
26262 26310
26355 26420
26658 26704
27068 27111
27264 27298
27342 27421
27675 27686
27784 27956
28083 28629
28722 28769
28905 28970
29079 29200
29563 29648
29729 29758
29839 29992
30085 30133
30290 30383
30631 31040
31138 31186
31304 31347
31500 31617
31696 31710
32025 32072
32256 32305
32602 32666
32709 32790
33044 33443
33631 33663
33760 33771
34025 34088
34398 34411
34490 34649
34744 34789
34979 35029
35181 35228
35429 35895
36060 36056
36170 36272
36405 36434
36791 36893
37011 37090
37155 37235
37453 37464
37599 37691
37929 38339
38430 38479
38744 38824
38943 39043
39202 39321
39432 39446
39581 39681
39839 40597
40806 41002
41433 41494
41587 41916
42387 42926
43303 43435
43746 43791
44110 44434
44702 45464
45627 45997
46170 46324
46469 46835
47123 48064
48234 48615
48944 49271
49604 50457
50534 50774
51085 51197
51391 51440
51470 51550
51944 52708
52901 53180
53464 53525
53810 54166
54464 55182
55301 55542
55827 55978
56193 56225
56322 56412
56527 56592
56855 57050
58086 58234
59264 59413
60194 60275
60443 60587
60875 60935
61310 61445
61654 62355
62642 62639
62735 62763
62913 63093
63325 63494
63773 64032
64153 64483
65016 65121
65218 65230
65323 65610
65669 65910
66080 66229
67466 67567
67663 67691
67812 67942
68281 68497
68918 69492
69880 69929
69972 70038
70227 70352
70615 70690
71035 71172
72333 72398
72425 72604
72648 72777
72950 73157
73414 73632
74789 74896
74975 74988
75068 75258
75398 75631
75912 76023
77058 77121
77259 77325
77386 77523
78033 78112
78659 78905
79249 79346
79612 79660
79703 79784
79844 79928
80114 80194
80528 80645
80784 80951
81658 81700
81972 82016
82096 82216
82426 82474
82611 82692
82955 83050
83177 83242
84084 84253
84376 84441
84578 84711
84892 84973
85036 85098
85352 85427
85648 85741
86473 86697
86844 86909
87009 87085
87414 87529
87714 87743
87964 88060
88374 88465
88808 88927
89202 89306
89423 89487
89551 89649
89708 89861
89877 90042
90134 90343
90435 90571
91261 91379
91745 91777
91822 91959
92101 92149
92284 92369
92430 92478
92717 92792
92921 93070
93854 93884
94060 94125
94261 94306
94585 94675
94793 94854
95084 95177
95361 95495
96260 96433
96588 96636
96788 96834
99034 99138
99218 99278
99510 99507
99603 99723
99918 99982
100140 100203
100265 100349
100457 100522
100658 100775
101019 101153
101526 101591
101729 101811
101906 102009
102140 102205
102386 102471
102583 102610
102839 102919
103071 103172
103416 103566
103976 104155
104234 104248
104308 104408
104745 104846
105265 105369
105519 105579
105832 105972
106383 106471
106583 106609
106744 106846
106906 106938
107155 107215
107484 107548
107692 107705
107912 107957
108254 108401
108845 108894
108953 109074
109193 109237
109589 109697
109865 109955
110227 110275
110335 110488
110648 110917
111036 111230
111295 111354
111482 111548
111653 111770
111963 112043
112296 112342
112559 112586
112663 112822
113029 113199
113579 113605
113671 113823
114007 114018
114081 114236
114355 114580
114674 114734
115004 115069
115113 115264
115552 115757
115921 115967
116105 116206
116362 116394
116584 116664
116877 116968
117515 117991
118082 118257
118426 118489
118608 118711
119028 119041
119121 119277
119401 119636
120059 120196
120673 120715
120967 120976
121071 121214
121356 121420
121447 121673
121775 122003
122466 122701
123042 123176
123375 123369
123465 123584
123879 123915
123995 124025
124311 124500
124808 125047
125124 125151
125469 125545
125778 125869
125969 126080
126261 126327
126371 126436
126690 126735
126935 126998
127316 127645
127802 127954
128112 128123
128334 128377
128743 128739
128818 128846
129114 129243
130378 130436
130669 130698
130777 130899
131062 131110
131189 131346
131501 131637
132794 132915
133126 133141
133238 133341
133516 133619
133736 133763
134686 134768
135169 135179
135720 135801
135938 136024
136176 136276
136639 136719
136732 136813
136934 137003
137115 137297
137769 137865
138024 138741
139435 139882
140136 140181
140348 141114
141853 142253
142509 142536
142773 143432
144358 144837
144962 145083
145176 145880
146702 147171
147342 147480
147572 148361
149154 149590
149667 149843
149970 150810
151612 152053
152219 152267
152430 153203
154088 154498
154589 154671
154892 155657
156465 156696
156937 157088
157615 157709
158205 158282
158772 158955
159391 159545
159952 160079
160574 160726
161220 161311
161859 161992
162187 162299
162480 162628
162842 162960
163085 163222
163349 163410
163680 163866
163973 164126
164355 164399
164606 164681
164916 164975
165209 166263
-1 -1
