22873 24569
25108 27129
27659 29591
30065 32481
32616 34398
34731 36403
36808 39246
39944 40595
40826 41175
41417 41479
41587 42144
42356 42926
43325 43491
43757 43887
44116 44431
44724 45431
45631 45952
46180 46262
46491 46842
47157 47918
49527 50236
50719 50849
51061 51195
51956 52518
52883 53083
53445 53504
55477 55554
55918 55948
57856 57964
58608 58794
59302 59920
60412 60596
60944 60987
61353 61379
61811 61977
62065 62547
64017 64693
65713 65740
66048 66093
66441 67548
68084 68204
70510 70586
70939 71002
71318 72378
73017 73095
73396 73468
73699 74637
75398 75426
75751 75887
76094 77204
77664 77834
78118 78348
78742 79128
79296 79476
79697 79731
79828 79855
79991 80054
80162 80159
80491 80568
80856 80902
81095 81557
81760 81790
82073 82138
82183 82247
82389 82453
82497 82577
82698 82794
82902 83057
83182 83913
84218 84309
84475 84547
84659 84671
84842 84906
85024 85119
85304 85469
85648 86607
86877 86873
86983 87057
87107 87247
87452 87496
87609 87621
87689 87786
87986 88167
88421 88777
88918 89185
89385 89434
89480 89527
89648 89733
89831 89829
89944 90009
90206 90338
90479 90701
95389 96260
96351 96504
96596 96644
96800 97177
98058 99237
100609 101030
101668 102208
102949 103564
104152 104669
105317 105799
106629 107083
107737 107859
107960 108100
108334 108790
109397 109911
110677 110847
111965 112025
112576 113243
114370 114567
115666 115747
118135 118239
118438 118487
118696 118709
118994 119057
119085 119186
119383 119427
120667 120763
121791 121905
123000 123095
124216 124303
127358 127835
128158 128691
129720 130061
130610 130713
130810 130889
131143 131191
131235 131387
132204 132811
136177 136239
136287 136459
136665 136692
136990 137506
137846 138682
139503 139898
140078 140143
140299 141159
141880 142270
142491 142555
142768 143568
144266 144879
145192 145611
145765 145850
145927 145974
146126 146194
146336 146401
146693 147217
147385 147429
147609 148302
149208 149682
149989 150413
150670 150682
150779 150792
151178 151310
151570 151972
152190 152275
152428 153200
154034 154596
154886 155342
155541 155625
155669 155734
155852 155971
156096 156159
156391 156816
157065 157340
157690 157924
158187 158589
158850 159047
165463 165567
165652 165752
165816 165878
165927 166027
166107 166105
166169 166257
166306 -1
-1 -1
-1 -1
-1 -1
