30138 30326
39830 40192
49597 50078
59268 59793
88873 89467
98054 98392
107957 108050
108971 109066
110095 110271
111311 111391
113177 113282
114341 114406
115481 115567
116783 116886
117427 118010
118151 118304
118439 118617
118712 118725
118805 118801
118995 119027
119132 119212
119389 119493
127520 127688
137117 137195
139628 139745
141906 142025
144358 144458
146127 146223
147532 147598
149201 149265
151637 151717
154043 154164
156391 156457
158851 158932
161212 161314
162476 162577
163674 163721
164806 164928
165069 165174
165354 165418
165629 165676
165964 166012
166276 166340
-1 -1
-1 -1
-1 -1
-1 -1
-1 -1
-1 -1
-1 -1
