2705 2893
3673 3733
4672 4666
4682 4763
5575 5686
6432 6529
7417 7536
8370 8413
9334 9359
10156 10252
11179 11266
12095 12214
13034 13063
14014 14064
15053 15166
15858 15959
16759 16838
17673 17769
18657 18687
19546 19626
20495 20579
21393 21458
22366 22415
23174 23316
24179 24283
25149 25270
26123 26135
27071 27080
28019 28084
28919 29002
29964 30024
30569 30703
30826 30874
31121 31154
31250 31901
32198 32466
32590 32801
33004 33725
34103 34196
34287 34399
34580 34790
34866 35841
35965 36241
36416 36639
36809 37656
37904 38090
38219 38311
38432 38678
38827 39527
39756 39896
40132 40254
40430 41238
41655 41895
41954 42020
42203 42233
42412 42501
42543 43277
43481 43637
43890 43968
44208 45186
45448 45614
45888 46018
46333 46500
46809 46867
47318 47361
47650 47859
48145 48313
48653 48804
49180 49240
49621 49683
50095 50242
50546 50642
51004 51033
51552 51649
51969 52106
52481 52610
52952 53031
53391 53559
53891 53983
54238 54443
54807 54920
55315 55359
55687 55837
56213 56288
56671 56716
57215 57327
60584 60632
60659 60724
61377 61427
61453 61663
62270 62359
62438 62559
63297 63345
63374 63437
64226 64309
64373 64401
65139 65187
65325 65406
66055 66102
66183 66324
67060 67071
67135 67255
67946 68015
68080 68121
68870 68867
68966 69103
69813 69860
69984 70065
70721 70733
70812 70971
71704 71717
71781 71825
72552 72601
72681 72800
73576 73624
73688 73732
75420 75485
75533 75560
76411 76459
76469 76534
77257 77307
77425 77506
78208 78273
78300 78381
79153 79217
79247 79347
80145 80194
80239 80343
81080 81128
81170 81275
81888 82066
82145 82171
82892 82982
83063 83090
83823 83871
83976 84078
84846 84841
84906 85011
85766 85832
85858 85942
86609 86713
86797 86843
87576 87680
87744 87805
88547 88560
88655 88775
90425 90485
90881 90942
91111 91145
91188 91914
92153 92438
92513 92799
92843 93723
94030 94131
94222 94303
94469 94496
94576 94748
94828 94875
94904 95586
95918 96080
96325 96575
96881 97106
97434 97557
97865 98104
98398 98591
98856 98975
99323 99604
99820 100050
100247 100427
100689 100916
101179 101391
101584 101885
102094 102300
102567 102742
103025 103205
103570 103766
104030 104974
105422 105531
105863 105954
106283 106501
106775 106868
107296 107411
107761 107894
108506 108586
108613 108763
109158 109299
109613 109786
110121 110271
110615 110692
111106 111255
111468 111675
111844 112479
112965 113057
113362 113562
113873 113982
114259 114458
114807 114931
115297 115372
115671 116217
116674 116785
117147 117312
117589 117681
118025 118239
118635 118710
118981 119176
119284 120044
120433 120541
120993 121070
121257 121337
121350 121970
122339 122385
122553 122693
122898 122961
122990 123644
124372 124561
124782 125008
126056 126165
126367 126458
126692 127100
127955 128033
128383 128545
128702 129420
129648 129785
130078 130293
130449 131272
131618 131747
132024 132170
132294 133315
133469 133753
133903 134069
134250 135022
135372 135737
135797 136065
136125 136954
137234 137431
137670 137860
138010 138793
139086 139253
139425 139699
139839 140625
140962 141097
141206 141291
141407 141483
141745 141929
142203 142335
142500 142594
142956 143152
143332 143443
143536 144425
144785 144894
145148 145224
145488 146422
146583 146784
146958 147150
147350 147418
147513 148246
148536 148583
148852 148883
148914 148978
149194 149189
149253 149564
150436 150536
150872 150987
151335 151467
151749 151919
152264 152430
152722 152841
153233 153307
153601 153755
154133 154208
154587 154735
155044 155225
155500 155686
156012 156149
156508 156568
156875 157115
157462 157557
157933 158039
158410 158502
158873 159033
159290 159512
159804 159949
160256 160424
160623 160901
161258 161386
161663 161847
162138 162304
165447 165579
165943 166024
166377 166478
166825 166959
167328 167371
167696 167863
168245 168320
168630 168765
169142 169259
169620 169715
170038 170172
170533 170632
171018 171050
171440 171576
171928 172009
172384 172520
172910 173029
173393 173468
173898 173983
174342 174401
174747 174862
175278 175376
175732 175844
176193 176268
176703 176780
177087 177224
177633 177694
178076 178172
178516 178643
180424 180593
180817 180969
181320 181433
181816 181876
182257 182370
182766 182793
183185 183303
183645 183690
184137 184273
184597 184693
185118 185214
185577 185690
186088 186147
186505 186642
187015 187075
187474 187535
188409 188469
188868 189021
189383 189463
189780 189915
190241 190376
190775 190833
191143 191294
191636 191788
192096 192193
192583 192755
193011 193122
193573 193706
195357 195419
195842 195903
196266 196460
196862 196954
197369 197496
197758 197849
198212 198324
198689 198839
199093 199262
199607 199739
200069 200181
200550 200671
201084 201164
201511 201556
201913 202052
202424 202532
202878 202953
203335 203446
203758 203941
204318 204485
204833 204955
205216 205418
205693 205910
206219 206397
206690 206821
207135 207231
207595 207639
207947 208116
208529 208653
208901 209012
209281 209929
210337 210537
210858 210954
211335 211537
211862 211954
212247 212462
212759 212960
213198 213451
213727 213907
214235 214464
214693 214859
215152 215299
215576 215823
216115 216284
216476 216553
216722 217357
217954 218108
218352 218636
218851 219031
219325 219434
219865 219998
220244 220358
220521 220874
220988 221159
221294 221352
221701 221977
222091 222285
222566 222762
223024 223290
223584 223676
224026 224087
224254 224881
225029 225141
225382 225716
232063 232247
234098 234189
