2258 2446
2724 2800
2925 3181
4218 4293
4490 4688
4833 5300
6046 6174
6758 6801
7888 8056
8202 8404
8593 9288
9778 10230
10512 11195
11627 11842
11985 12185
12310 12942
13494 14132
14305 15092
15442 15553
15732 15833
15897 15909
16126 16195
16275 16334
16551 16674
17152 17387
17583 17784
17918 17929
18010 18881
19093 19212
19336 19455
19640 19720
19833 19843
19925 20654
20982 21284
21344 21530
21760 22554
22955 22981
23186 23267
23322 23533
23625 23694
23795 24466
24659 24923
25121 25200
25379 25444
25548 25611
25639 26330
26494 26611
26752 26906
26966 27029
27073 27298
27341 27405
27434 28378
28467 28711
28862 29029
29226 30033
30395 30438
30676 30707
30837 31009
31102 31116
31215 32050
32283 32390
32575 32725
32817 32921
33001 32983
32998 33804
34061 34121
34397 34409
34570 34737
34870 34938
35034 35770
36039 36182
36363 36457
36721 37476
37821 37921
38103 38182
38368 38469
38653 38718
38743 38823
38855 39525
39808 39960
40087 40238
40452 40446
40542 41443
41662 41743
41890 41954
42115 42286
42398 42392
42488 43330
43562 43709
43875 44026
44233 45083
45406 45542
45711 45790
45851 46034
46311 46414
46439 46535
46751 46764
46843 47034
47260 47326
47444 47473
47672 47668
47749 47902
48156 48276
48362 48405
48622 48706
48771 48813
49162 49159
49238 49375
49514 49601
49718 49767
50060 50072
50168 50272
50454 50450
50545 50666
50964 51027
51070 51134
51366 51415
51495 51601
51846 51931
52015 52111
52325 52393
52472 52486
52841 52889
53046 53125
53338 53388
53414 53510
53857 53922
54063 54125
54251 54339
54404 54469
54832 54861
54960 55059
55218 55321
55373 55451
55786 55818
55846 55909
56123 56189
56292 56392
56699 56763
56792 56872
57141 57137
57220 57284
57662 57693
57721 57770
58040 58086
58115 58178
60504 60655
60865 60949
61012 61133
61343 61375
61417 61466
61618 61703
61811 61978
62234 62357
62455 62536
62644 62748
62849 62893
63174 63255
63375 63458
63600 63631
63751 63815
64193 64188
64302 64390
64585 64618
64683 64819
65132 65180
65209 65288
65433 65481
65601 65682
66044 66108
66154 66234
66451 66447
66511 66629
66954 67017
67159 67225
67433 67450
67529 67541
67939 67935
68033 68098
68280 68329
68429 68492
68832 68896
69016 69080
69241 69273
69393 69477
69856 69905
69949 70014
70246 70228
70310 70412
70681 70822
70918 70931
71183 71231
71240 71306
71663 71696
71817 71865
72021 72034
72196 72260
72607 72673
72698 72818
72959 73007
73112 73213
73569 73566
73645 73781
73979 73975
74055 74158
75394 75571
75755 75915
75978 76021
76331 76396
76537 76600
76708 76812
76913 76994
77316 77312
77409 77511
77619 77667
77772 77869
78221 78269
78311 78411
78612 78661
78686 78786
79097 79160
79298 79362
79434 79519
79584 79650
80061 80109
80267 80348
80476 80546
80627 80637
81037 81031
81148 81247
81424 81494
81578 81642
82018 82029
82129 82229
82390 82438
82503 82624
82970 83018
83063 83143
83249 83339
83419 83537
83793 83897
83993 84021
84273 84268
84349 84436
84793 84895
84975 85003
85271 85319
85384 85412
85776 85757
85836 85941
86113 86109
86285 86367
86678 86726
86786 86871
87033 87081
87145 87268
87613 87678
87705 87784
87986 87982
88046 88197
88850 88987
89035 89079
89226 89880
90295 90376
90498 90618
90767 90763
91071 91141
91256 91928
92272 92437
92602 92733
92840 92908
92989 93821
94120 94184
94387 94468
94591 94727
94840 94888
95026 95630
95991 96231
96401 96508
96792 97556
97897 98002
98110 98189
98377 98473
98583 98655
98750 98747
99782 99947
100159 100238
100439 100487
100531 101359
101633 101734
101841 101922
102126 102185
102403 102451
102495 103226
103510 103767
103880 104032
104228 105107
105540 105586
105737 105817
106337 106535
106859 106937
107299 107396
107656 107768
108281 108435
109150 109263
109696 109843
110137 110213
110558 110671
110996 111108
111514 111608
112931 113100
113341 113504
113867 113976
114288 114379
114830 114908
115203 115374
115490 115569
115750 116102
116197 116518
116674 116903
117190 117310
117617 117741
118076 118284
118531 118730
118971 119137
119382 120056
120449 120605
120853 120966
121102 121116
121197 122104
122245 122552
122613 122814
122905 122953
123089 124004
124253 124296
124410 124437
124677 124770
124829 124936
125031 125862
125986 126252
126364 126585
126726 127658
127946 127990
128139 128240
128382 128554
128646 128709
128832 129669
129912 129974
130125 130243
130352 130415
130537 131370
131646 131711
131900 131980
132104 132242
132350 132398
132570 133302
133512 133694
133875 134072
134305 135157
135551 135646
135706 135810
135960 136017
136186 136271
136335 137050
137315 137428
137662 137722
137798 137974
138055 138973
139179 139267
139376 139458
139663 139722
139925 139941
139999 140932
141007 141135
141352 141534
141719 142686
143040 143068
143127 143321
143450 143508
143676 143706
143786 144655
144748 144981
145073 145273
145426 145489
145533 146399
146686 146766
146874 146977
147157 147216
147403 147450
147493 148419
148508 148810
148886 148947
149269 150094
150661 150710
164876 164958
165095 165328
165451 165547
165699 165820
165897 165945
166007 166087
166271 166361
166457 166467
166702 166719
166746 166843
167242 167309
167429 167515
167678 167710
167792 167873
168250 168228
168310 168429
168535 168583
168703 168798
169163 169213
169240 169305
169479 169527
169631 169696
170122 170191
170288 170300
170534 170566
170594 170643
171019 171109
171173 171186
171419 171489
171569 171579
171956 172003
172122 172186
172311 172305
172499 172580
172955 172953
173052 173134
173220 173347
173445 173455
173877 173940
173982 174045
174245 174292
174429 174493
174823 174871
174898 174978
175175 175207
175289 175300
175751 175823
175903 175916
176150 176198
176209 176273
176612 176701
176781 176823
177039 177127
177191 177276
177572 177621
177666 177731
177983 177978
178043 178149
178489 178574
178617 178681
178984 178980
179028 179091
179308 179790
180490 180558
180657 180669
180870 180920
180929 181029
181061 181132
181340 181389
181492 181557
181695 181783
181831 181932
182275 182288
182368 182509
182632 182648
182729 182741
183168 183270
183319 183384
183602 183651
183662 183728
184111 184160
184187 184253
184491 184575
184640 184648
185020 185067
185187 185218
185341 185517
185602 185667
185986 186051
186081 186274
186429 186410
186542 186607
186971 187020
187083 187204
187363 187411
187533 187613
187959 188008
188035 188099
188280 188329
188393 188515
188859 188927
189024 189049
189265 189328
189342 189408
189752 189801
189941 190006
190033 190082
190189 190310
190689 190738
190803 190909
191063 191168
191232 191244
191641 191670
191805 191870
192216 192317
192656 192653
192734 192762
193053 193048
193127 193209
193535 193583
193704 193789
194005 194080
194264 194816
195358 195455
195655 195699
195888 196001
196092 196088
196283 196347
196396 196875
197244 197410
197605 197648
197847 197895
197940 198916
199176 199257
199334 199468
199669 199777
199838 199907
199987 200652
201020 201201
201383 201506
201686 202401
202810 203003
203126 203138
203305 203439
203532 203581
203718 203784
203816 204560
204758 204852
205048 205185
205335 205401
205409 206145
206677 206758
206834 206970
207077 207174
207396 207406
207502 208157
208454 208685
208809 208983
209172 210222
211011 211069
211346 211531
211778 211978
212254 212345
212747 212839
213166 213370
213678 213770
214146 214401
214552 214753
215045 215248
215416 215709
216064 216125
216200 216394
216484 216544
216786 217258
217486 217656
217917 218113
218394 218536
218797 219037
219297 219405
219786 219849
219948 220043
220197 220242
220441 220815
221034 221061
221174 221310
221772 221864
222142 222364
222567 222729
223140 223199
223598 223699
223776 223856
224061 224155
224231 224791
225447 225764
225920 226073
226424 226533
226840 227045
233623 233735
234735 234847
235831 235878
