15428 17010
17327 17624
17683 17962
18113 18795
19260 19385
19538 19710
19900 20646
21030 21401
21683 22339
22924 23131
23246 23321
23597 24098
24689 25062
25509 26107
26702 26949
27042 27338
27413 28171
28617 28945
29200 30031
30507 30769
30958 31114
31282 32036
32281 32769
32971 33839
34129 34375
34560 34701
34922 35653
36030 36520
36612 37413
37907 38121
38288 38461
38713 39441
39774 40266
40429 41189
41553 41792
42015 42153
42424 43102
43475 43989
44132 44896
45456 45667
45827 46106
46377 46549
46809 47092
47293 47485
47764 47962
48234 48354
48715 48871
49171 49403
49628 49829
50158 50250
50557 50747
51056 51164
51510 51710
51969 52114
52479 52588
52886 53103
53344 53511
53818 53982
54276 54467
54792 54852
55248 55414
55777 55871
56199 56312
56658 56778
56891 56954
57066 57186
57279 57411
57540 57587
57825 57869
58053 58133
58241 58348
58546 58574
58741 58842
58933 59029
59178 59258
59462 59558
59633 59755
60506 60598
60858 61042
61349 61487
61514 61627
61816 61879
61907 61972
62302 62366
62488 62517
62700 62764
62865 62908
63141 63202
63534 63566
63632 63679
63815 63928
64205 64281
64510 64591
64678 64771
64955 65021
65125 65238
65299 65435
65504 65601
65645 65829
66074 66208
66388 66453
66466 66618
66853 66916
66945 67082
67159 67223
67342 67441
67537 67804
67927 68095
68300 68389
68490 68549
68752 68783
68864 68924
69075 69177
69241 69285
69404 69571
69782 69858
70073 70176
70256 70319
70534 70582
70628 70745
70910 70905
70987 71107
71255 71530
71747 71847
71990 72075
72174 72270
72451 72515
72580 72641
72809 72819
72920 73016
73167 73295
73558 73601
73854 73919
73946 74110
74203 74834
75353 75541
75605 75702
75849 75902
75998 76081
76228 76260
76304 76457
76621 76633
76734 76834
76914 77025
77291 77369
77586 77651
77697 77813
77913 77957
78142 78243
78309 78368
78521 78584
78596 78676
78796 78929
79158 79274
79338 79398
79566 79631
79642 79794
80006 79970
80049 80203
80281 80382
80462 80580
80656 80774
80974 81003
81098 81203
81281 81346
81481 81612
81769 81890
81955 82016
82235 82214
82310 82431
82584 82893
82955 83052
83156 83274
83334 83417
83516 83628
83779 83811
83928 83972
84122 84205
84305 84385
84466 84527
84778 84899
84963 85007
85303 85380
85648 85681
85726 85846
85994 86006
86085 86149
86318 86416
87135 87237
87286 87333
87445 87499
87562 87647
87775 87839
87923 88003
88093 88213
88557 88623
88634 88730
88996 89044
89283 89966
90372 90452
90669 90696
90878 90982
91275 91589
91810 92057
92371 92444
92757 93089
93316 93543
93769 94018
94179 94364
94524 94743
94835 95489
96020 96405
96705 97504
97966 98179
98376 98587
98735 99483
99780 100108
100331 101313
101632 101849
102098 102295
102449 103224
103569 103826
104218 105028
105463 105711
120471 120685
120925 121153
121270 121994
122239 122768
122997 123825
124186 124402
124525 124778
124887 125726
125984 126574
126802 127625
127970 128201
128282 128483
128639 129545
129806 130207
130438 131303
131649 131899
132043 132171
132388 133284
133601 134034
134216 135186
135604 135791
136099 137010
137294 137796
137988 138990
139221 139347
139568 139693
139961 140896
141020 141633
141759 142549
142957 143190
143298 143499
143695 144322
144809 145300
145491 146227
146736 146888
147043 147261
147410 148195
148438 148650
149277 149628
150533 150592
150944 151072
151345 151415
151514 151611
151859 151907
152285 152348
152375 152445
152613 152694
152723 152819
153113 153201
153266 153309
153494 153562
153643 153655
153768 153903
154147 154233
154334 154398
154563 154612
154693 154758
155017 155081
155202 155267
155428 155491
155597 155678
156056 156069
156169 156254
156376 156424
156545 156630
156954 157018
157299 157364
157374 157422
157921 157985
157998 158093
158332 158380
158389 158453
158749 158782
158861 158982
159026 159074
159207 159294
159358 159422
159777 159883
159999 160078
160255 160324
160389 160454
160682 160714
160742 160807
161060 161106
161118 161197
161624 161634
162082 162116
162145 162281
165447 165528
165807 165855
165883 166057
166120 166116
166280 166369
166465 166491
166759 166807
166819 166915
167298 167346
167446 167495
167707 167723
167751 167783
168510 168505
168570 168674
168782 168846
169159 169175
169256 169344
169522 169570
169633 169736
169961 169994
170112 170177
170373 170406
170435 170483
170778 170826
170944 170993
171291 171324
171409 171472
171784 171831
171844 171908
172183 172231
172334 172418
172908 172939
173059 173124
173285 173333
173436 173500
173727 173816
173895 173906
174166 174197
174277 174366
174624 174726
174790 174817
175135 175199
175210 175274
175559 175555
175634 175739
175944 176033
176133 176198
176458 176489
176517 176618
177015 177061
177164 177229
177506 177503
177583 177689
177866 177914
177996 178115
178392 178441
178484 178549
178915 178913
180470 180519
180563 180644
180860 180841
180921 181042
181217 181280
181366 181452
181624 181711
181813 181893
182233 182281
182382 182449
182625 182657
182742 182825
183217 183265
183292 183372
183552 183599
183648 183769
184106 184121
184185 184305
184554 184586
184598 184661
184989 185039
185143 185206
185390 185437
185521 185600
185931 185995
186043 186106
186318 186350
186450 186536
186879 186874
186975 187024
187271 187266
187366 187450
187842 187922
187933 188033
188299 188295
188375 188511
188771 188851
188847 188928
189233 189248
189313 189342
189666 189784
189848 189876
189963 190011
190192 190228
190325 190351
190643 190659
190744 190828
191035 191083
191188 191273
191648 191647
191726 191814
192039 192086
192224 192273
192586 192603
192662 192710
192938 192971
193051 193137
193528 193595
193660 193671
193864 193896
194232 194281
195274 195287
195488 195536
195965 196026
196180 196835
197225 197679
197933 198897
199153 199364
199515 199656
199855 200646
201018 201489
201754 202399
202872 203057
203164 203358
203622 204460
204755 205315
205495 206289
206626 206882
207056 207227
207429 208277
208474 208882
209175 209835
210688 210736
230073 230122
231891 231967
235947 236026
