30587 30751
45519 45684
60507 60652
75577 75643
105477 105685
120343 120613
164925 165071
165455 165628
165873 165996
166395 166475
166841 166954
167274 167310
167724 167788
168185 168249
173017 173051
173438 173517
173884 173949
174300 174412
174811 174877
175208 175320
175673 175769
176138 176252
184225 184370
184610 184706
185072 185136
185521 185585
186062 186098
186513 186546
187006 186992
187378 187442
195620 195748
196001 196082
196386 196467
199210 199323
199643 199756
200010 200136
202859 203002
203324 203467
203788 203884
206658 206771
207073 207230
207549 207601
234459 234666
236026 236187
