4765 4830
4857 5874
6154 6232
6419 6549
6635 7825
8051 8185
8245 8414
8590 9490
9856 9917
10171 10232
10498 10509
10589 10691
10810 10889
10901 11562
12011 12132
12192 13307
13510 13620
13865 14050
14210 15244
15567 15705
15903 15945
16219 17045
17576 17620
17803 17833
18134 18198
18259 18323
18442 20171
23940 24455
24532 24613
24748 24849
25143 25243
25288 25352
25731 25864
26188 26238
26284 26316
26688 26850
27099 27164
27571 27635
28909 29022
29180 29293
29467 30323
30632 30801
30963 31058
31305 32217
32429 32595
32903 32995
33248 33276
33377 33478
33539 33588
33668 34480
34940 34951
35062 36064
36277 36337
36608 36721
36881 37738
38135 38285
38515 38559
38890 39940
40060 40195
40428 40504
40824 40911
41008 41019
41188 42635
43409 43441
43791 43789
43884 43973
44318 44398
44782 44914
45271 45302
45525 45589
45920 45984
46044 46108
46350 46559
46700 46760
47112 47124
47308 47387
47659 47670
47888 47952
47979 48117
48310 48392
48662 48705
49185 49302
49332 49429
49708 49705
49946 49990
50291 50356
50401 50494
50663 50745
51075 51180
51275 51305
51507 51624
51971 52035
52079 52216
52478 52529
52773 52868
53148 53269
53331 53414
53609 53656
53810 53894
54052 54190
54401 54427
57882 57994
58071 58208
58418 58554
58863 58947
59039 59086
59277 59358
59370 59452
59647 59744
60029 60089
60325 60422
60605 60695
61061 61127
61718 61870
65674 65688
66175 66294
66323 66388
66638 66703
66816 66885
66964 66992
67310 67354
67587 67705
67951 68032
68109 68213
68594 68697
68988 69035
69320 69385
69493 70278
70528 70603
70772 70924
71085 72086
72369 72499
72752 72778
73028 74121
74352 74413
74618 74677
74927 75027
75087 75137
75328 76173
76511 76688
76732 77773
77985 78047
78364 78424
78671 79635
79888 79985
80166 80283
80528 81477
81778 81870
82068 82148
82396 82481
82579 82590
82688 83789
