893 1029
1251 1424
1549 1614
1717 1796
1809 1907
2126 2155
2537 2563
2810 2907
3266 3296
3477 3581
3825 3907
4222 4250
4401 4463
4709 4827
6092 6153
6246 6454
7889 8040
8187 8266
8546 8643
8937 9056
9175 9203
9452 9517
9846 9877
10195 10258
10415 10535
10853 10915
11542 11540
12183 12179
12396 12496
13226 13322
13683 13713
14248 14341
14555 14620
14775 14888
15187 15250
15560 15585
15755 15826
16185 16277
16544 16609
16673 16720
17373 17455
17591 17671
18223 18266
18691 18829
18875 18989
19656 19915
19991 20162
20357 20457
20806 20855
21304 21459
21587 21647
21835 21947
22406 22570
22894 22923
23175 23236
23360 23585
23725 23805
24193 24282
24435 24484
24611 24643
24960 25078
25662 25784
26176 26226
26253 26334
26877 26979
27168 27289
27442 27558
27586 29200
29933 29931
30044 30093
30389 30646
30981 31071
31236 31915
32025 32638
32650 33603
33805 34142
34322 34334
34416 34584
34752 34901
35006 35229
36504 36597
36612 36715
36926 38020
38388 38554
40100 40184
40679 40816
41075 41212
42110 42244
43500 43776
44229 44342
45147 45244
