4857 5486
6628 7748
10616 10805
12913 12971
13576 13620
13793 13948
15295 15479
16952 17001
17060 17126
18401 18535
20539 20632
20886 20936
21026 21179
21223 21288
22241 22270
22694 22845
23869 24051
24764 24897
25933 25961
26649 26709
28354 28490
28719 28836
29183 29261
29460 31219
31619 31815
32260 32369
32590 32650
32730 32818
32926 33000
33285 34949
35245 35684
35766 36111
36138 36520
36699 36910
37726 37846
38036 38244
38680 38883
38965 39368
39487 39671
39882 40137
40351 40478
40950 40978
41273 41425
41896 42094
43297 43373
44006 44144
44977 45163
